79
93
123
161
2140000070
2140118461
2144209103
2144622711
2147483647
2158242769
2158561631
2158769549
2160500567
2172307284
2177000074
2184000098
2187682888
28776900003
28776901406
28784014907
28785102009
28785103105
28785201054
28785203508
28785207452
28785255200
28785300405
28785300603
28785313146
28785343457
28785400020
28785509112
28785509327
28785509778
28785601106
14381145922
14381146028
14381146127
14381146226
14381146325
14381146424
14381146523
14381146622
14381146721
14381146820
14381146929
14381147223
14381147421
14381147520
14381147629
14381147827
14381147926
14381148121
14381148220
14381148428
14381148527
14381148626
14381148725
14381148824
14381150223
14381150421
14381150520
14381150629
14381150728
14381150827
14381150926
14381151022
14381151121
14381151329
14381151428
14381151626
14381151725
14381152029
14381152128
14381152227
14381152326
14381152425
14381152524
14381152722
14381152920
14381154221
14381154320
14381154825
14381154924
14381155020
14381155129
14381155723
14381155822
14381155921
14381156027
14381156126
14381156522
14381156621
14381156829
14381157024
14381157420
14381157628
14381158021
14381158526
14381159127
14381159226
14381159325
14381159424
14381159523
14381159721
14381159820
14381160024
14381160222
14381160321
14381160420
14381160529
14381160628
14381160727
14381160925
14381161021
14381161229
14381161328
14381161427
14381161526
14381161625
14381161724
14381161922
14381162028
14381162127
14381162721
14381162929
14381163025
14381163537
14381164725
14381165920
14381166026
14381166125
14381166224
14381166323
14381166422
14381166521
14381166620
14381166729
14381166828
14381166927
14381167023
14381167122
14381167221
14381167320
14381167429
14381167528
14381167627
14381167726
14381167825
14381167924
14381168020
14381168129
14381168624
14381168921
14381169027
14381169126
14381169225
14381169423
14381169522
14381169621
14381169720
14381170122
14381170924
14381171129
14381171228
14381171327
14381171624
14381171921
14381172027
14381172126
14381172928
14381173321
14381173727
14381173925
14381174120
14381174328
14381174427
14381174526
14381174823
14381175127
14381175325
14381176322
14381176827
14381177220
14381177725
14381178029
14381178128
14381178227
14381178326
14381178524
14381179927
14381180220
14381180329
14381180534
14381180626
14381180824
14381180923
14381181326
14381181821
14381181920
14381182125
14381182224
14381182422
14381182620
14381183023
14381183122
14381183221
14381183320
14381183429
14381183528
14381183627
14381183825
14381183924
14381184020
14381184129
14381184228
14381184327
14381184624
14381184822
14381185225
14381185423
14381185522
14381185621
14381185720
14381185829
14381186420
14381186628
14381186727
14381186826
14381187922
14381189629
14381189728
14381190120
14381190328
14381190427
14381190625
14381190922
14381191127
14381191721
14381191820
14381192025
14381192124
14381192223
14381192322
14381192520
14381192629
14381192728
14381192827
14381192926
14381193022
14381193121
14381193220
14381193329
14381193527
14381193626
14381193725
14381193824
14381195125
14381195422
14381196320
14381196726
14381197129
14381197327
14381197525
14381197624
14381197723
14381198027
14381198522
14381198829
14381199529
14381200126
14381200621
14381200829
14381201529
14381204223
14381207323
14381207620
14381208825
14381208924
14381209624
14381209723
14381209822
14381209921
14381210026
14381210125
14381210620
14381212723
14381213423
14381213867
14381214628
14381214925
14381215526
14381215625
14381215724
14381216028
14381216721
14381217025
14381217520
14381217629
14381217827
14381218725
14381219425
14381220568
14381221121
14381222968
14381223064
14381223460
14381223866
14381224825
14381224924
14381225426
14381225563
14381225822
14381226621
14381226928
14381227826
14381231564
14381231625
14381231823
14381232868
14381234022
14381235623
14381236422
14381237221
14381237320
14381237429
14381237528
14381237627
14381238525
14381240528
14381242621
14381242720
14381242829
14381242928
14381243024
14381243123
14381243321
14381243727
14381243826
14381243925
14381244021
14381244120
14381244229
14381244328
14381244427
14381244533
14381244625
14381245028
14381247428
14381247626
14381249224
14381250923
14381251029
14381251227
14381251326
14381251524
14381251623
14381252125
14381252620
14381254792
14381255126
14381256222
14381257526
14381257823
14381257922
14381258127
14381258721
14381258820
14381258868
14381259322
14381259520
14381259667
14381260427
14381261424
14381261820
14381261929
14381262025
14381263626
14381263725
14381264029
14381264821
14381265132
14381265620
14381265927
14381274622
14381274929
14381277029
14381277623
14381277920
14381278620
14381284768
14381291223
14381292664
14381294125
14381296228
14381296327
14381298024
14381298222
14381298727
14381303322
14381304367
14381305227
14381306163
14381306323
14381307825
14381307924
14381308129
14381309720
14381309928
14381311327
14381311662
14381311938
14381313321
14381313628
14381314229
14381314526
14381314724
14381314922
14381321425
14381322224
14381322620
14381325423
14381328820
14381329322
14381329827
14381331028
14381331523
14381331929
14381332124
14381332520
14381332827
14381334920
14381336023
14381338027
14381340020
14381345124
14381345728
14381346121
14381347128
14381347326
14381347524
14381347821
14381348620
14381349023
14381349122
14381349221
14381350128
14381350425
14381352320
14381352429
14381352627
14381353723
14381353822
14381354126
14381355161
14381355529
14381355727
14381356328
14381356427
14381356526
14381356922
14381359121
14381359626
14381359725
14381360622
14381362824
14381366020
14381367126
14381367522
14381372427
14381372724
14381372823
14381373325
14381373424
14381374223
14381375527
14381376623
14381377729
14381377927
14381379822
14381387322
14381387421
14381388022
14381389128
14381389326
14381390421
14381391268
14381393767
14381393927
14381394429
14381394726
14381394924
14381395020
14381395129
14381397123
14381397321
14381397420
14381397529
14381398021
14381398922
14381399028
14381399127
14381399424
14381399523
14381400229
14381400328
14381400625
14381401028
14381401523
14381402025
14381402421
14381403428
14381403626
14381403824
14381403923
14381404029
14381404128
14381404227
14381404425
14381404623
14381404722
14381404821
14381404920
14381405620
14381406924
14381407129
14381407228
14381407327
14381407525
14381407624
14381407822
14381407921
14381408027
14381408126
14381408225
14381408324
14381408423
14381408522
14381409529
14381409727
14381409826
14381409925
14381410020
14381410129
14381410228
14381410327
14381410525
14381410921
14381411225
14381411928
14381412222
14381412321
14381412420
14381412529
14381412628
14381412727
14381412826
14381412925
14381413021
14381413120
14381413229
14381413328
14381413427
14381413625
14381415124
14381415223
14381415322
14381415926
14381416121
14381416329
14381418323
14381418828
14381418927
14381419023
14381419122
14381419221
14381419320
14381419825
14381419924
14381420029
14381420227
14381420326
14381420722
14381420920
14381421323
14381421422
14381421828
14381422023
14381422122
14381422221
14381422320
14381422429
14381422528
14381422627
14381422726
14381422825
14381422924
14381423020
14381423129
14381423228
14381423327
14381423426
14381423525
14381424720
14381425420
14381425529
14381426120
14381426328
14381426427
14381426526
14381426625
14381426724
14381426823
14381426922
14381427028
14381427127
14381427226
14381427325
14381427424
14381427523
14381427622
14381427721
14381427820
14381427929
14381428025
14381428124
14381428223
14381428322
14381428421
14381428520
14381428629
14381428827
14381428926
14381429022
14381429121
14381429220
14381429329
14381429428
14381429527
14381429626
14381429725
14381429824
14381429923
14381430127
14381430325
14381430424
14381430523
14381430622
14381430820
14381431360
14381432060
14381435368
14381435429
14381435627
14381435726
14381435825
14381435924
14381436020
14381436129
14381436228
14381436327
14381436426
14381436822
14381437027
14381437225
14381437324
14381437522
14381437928
14381438024
14381438321
14381438420
14381438529
14381438727
14381438826
14381439328
14381439427
14381439526
14381439625
14381439724
14381439823
14381439922
14381440027
14381440324
14381440423
14381440522
14381440621
14381440720
14381440829
14381440928
14381441024
14381441123
14381441222
14381441321
14381441628
14381441727
14381441925
14381442823
14381442922
14381443028
14381443127
14381443721
14381444827
14381444926
14381445022
14381445121
14381445220
14381445329
14381445428
14381446623
14381447521
14381447729
14381447927
14381448122
14381449822
14381450224
14381450262
14381451122
14381451221
14381451429
14381452327
14381452525
14381452624
14381452723
14381452822
14381452921
14381453027
14381453324
14381453522
14381453621
14381453829
14381453928
14381454024
14381454123
14381454420
14381454529
14381454628
14381454727
14381454925
14381455021
14381455120
14381455229
14381455526
14381455922
14381456226
14381456325
14381456424
14381456523
14381456622
14381456721
14381456820
14381457025
14381457124
14381457223
14381457421
14381457520
14381457629
14381457728
14381457827
14381457926
14381458022
14381458121
14381458626
14381458725
14381458824
14381458923
14381459821
14381460223
14381460629
14381461022
14381461121
14381461220
14381461824
14381462029
14381462227
14381462425
14381462524
14381462821
14381463026
14381463422
14381463521
14381463729
14381464023
14381464221
14381464429
14381464924
14381465020
14381465129
14381465228
14381465327
14381465426
14381465624
14381465723
14381465822
14381465921
14381466027
14381466126
14381466324
14381466423
14381466522
14381466621
14381466720
14381466829
14381466928
14381467024
14381467123
14381467222
14381467321
14381467420
14381467529
14381467628
14381467727
14381467826
14381467925
14381468021
14381468120
14381468427
14381469820
14381470024
14381470123
14381470222
14381470321
14381470420
14381470529
14381470628
14381470727
14381470826
14381470925
14381471021
14381472028
14381472622
14381472721
14381472820
14381472929
14381473025
14381473124
14381473223
14381473322
14381473827
14381473926
14381474022
14381475821
14381475920
14381476026
14381476125
14381476224
14381477627
14381477726
14381477825
14381477924
14381478020
14381478129
14381478228
14381478327
14381478426
14381478525
14381478624
14381478723
14381479126
14381479225
14381479324
14381479423
14381479522
14381479621
14381479720
14381479829
14381479928
14381480023
14381480320
14381480429
14381480528
14381480627
14381481020
14381487527
14381489613
14381491029
14381502121
14381502329
14381502725
14381503722
14381503821
14381503920
14381504620
14381508529
14381508727
14381508925
14381510324
14381510423
14381510522
14381510720
14381510829
14381511321
14381512366
14381512861
14381513127
14381513424
14381513622
14381514025
14381514360
14381515923
14381531367
14381536522
14381536621
14381536720
14381536829
14381536928
14381537024
14381537222
14381537321
14381537420
14381537529
14381537628
14381537727
14381537826
14381537925
14381538120
14381538526
14381538625
14381538724
14381538823
14381538922
14381539028
14381539127
14381539226
14381539325
14381539424
14381539523
14381539622
14381539820
14381539929
14381541021
14381541120
14381541229
14381541328
14381541427
14381541526
14381541724
14381541922
14381542028
14381542820
14381543421
14381543728
14381544220
14381544329
14381546729
14381546828
14381546927
14381547023
14381547122
14381547320
14381547924
14381548822
14381548921
14381549126
14381549225
14381549324
14381549423
14381549522
14381549621
14381549928
14381550023
14381550122
14381550221
14381550320
14381550429
14381550528
14381550627
14381550726
14381550825
14381551525
14381551822
14381552027
14381552126
14381552225
14381552324
14381552423
14381552522
14381552621
14381552720
14381552829
14381552928
14381553123
14381553222
14381553321
14381553420
14381553529
14381553628
14381553727
14381553826
14381553925
14381554120
14381554229
14381554328
14381554427
14381554526
14381554625
14381554724
14381554823
14381554922
14381555028
14381555325
14381555424
14381555523
14381555622
14381555721
14381556025
14381556124
14381556223
14381556322
14381556520
14381556629
14381556728
14381556827
14381556926
14381557022
14381557121
14381557220
14381557329
14381557428
14381557923
14381558128
14381558227
14381558326
14381558425
14381558524
14381558623
14381558722
14381558821
14381559026
14381559125
14381559224
14381559323
14381559422
14381559521
14381559620
14381559729
14381559828
14381559927
14381560022
14381560121
14381560220
14381560428
14381560527
14381560626
14381561029
14381561227
14381561326
14381561425
14381561524
14381561623
14381561722
14381561821
14381561920
14381562026
14381562125
14381562224
14381562422
14381562521
14381562620
14381562729
14381562828
14381562927
14381563023
14381563122
14381563221
14381563320
14381563429
14381563627
14381563825
14381564228
14381564327
14381564723
14381565324
14381565423
14381565522
14381565621
14381565720
14381566024
14381566222
14381566321
14381566529
14381566628
14381566727
14381566826
14381566925
14381567328
14381568028
14381568127
14381568226
14381568325
14381568523
14381568622
14381568721
14381568820
14381568929
14381569124
14381569223
14381569421
14381569728
14381570021
14381570120
14381570229
14381570328
14381570427
14381570526
14381570625
14381570724
14381570922
14381571226
14381571325
14381571424
14381571523
14381571622
14381571721
14381571820
14381571929
14381572025
14381572124
14381572223
14381572322
14381572421
14381572520
14381572629
14381572728
14381572827
14381572926
14381573022
14381573121
14381573220
14381573329
14381573428
14381573527
14381573626
14381573725
14381574227
14381574425
14381574524
14381574623
14381574722
14381575026
14381575125
14381575224
14381575422
14381575620
14381575729
14381575828
14381575927
14381576023
14381576122
14381576320
14381576429
14381576528
14381576627
14381576726
14381576825
14381576924
14381577020
14381577129
14381577426
14381577525
14381577624
14381577822
14381577921
14381578027
14381578126
14381578225
14381578324
14381578423
14381578522
14381578621
14381578720
14381578829
14381578928
14381579024
14381579123
14381579222
14381579321
14381579420
14381579529
14381579628
14381579727
14381579826
14381579925
14381580020
14381580129
14381580228
14381580327
14381580426
14381580525
14381580624
14381580723
14381580822
14381580921
14381581027
14381581126
14381581225
14381581324
14381581423
14381581522
14381581621
14381581720
14381581829
14381581928
14381582024
14381582123
14381582222
14381582321
14381582420
14381582529
14381582628
14381582727
14381582826
14381582925
14381583021
14381583120
14381583229
14381583328
14381583427
14381583526
14381583625
14381583724
14381583823
14381583922
14381584127
14381584226
14381584325
14381584424
14381584523
14381584622
14381584721
14381584820
14381585421
14381585520
14381585629
14381586022
14381586121
14381586220
14381586329
14381586428
14381586527
14381586626
14381586725
14381586824
14381587029
14381587227
14381587425
14381587623
14381587821
14381587920
14381588026
14381588729
14381588828
14381588927
14381589023
14381589221
14381589320
14381589429
14381589528
14381589726
14381589924
14381590029
14381590128
14381590227
14381590326
14381591927
14381592023
14381592122
14381592221
14381592320
14381592429
14381592528
14381592627
14381592726
14381592825
14381592924
14381593020
14381593129
14381593228
14381593327
14381593426
14381593525
14381593624
14381593723
14381593822
14381593921
14381594027
14381594126
14381594225
14381594324
14381594522
14381595123
14381595420
14381595529
14381595826
14381595925
14381596021
14381596120
14381596229
14381596625
14381596724
14381596922
14381597028
14381597127
14381597226
14381597325
14381597424
14381597523
14381597622
14381597721
14381597820
14381597929
14381598025
14381598124
14381598230
14381598322
14381598421
14381598520
14381598629
14381598728
14381598827
14381599022
14381599121
14381599220
14381599527
14381599626
14381599824
14381599923
14381600827
14381601220
14381601329
14381603422
14381603521
14381603620
14381604122
14381604665
14381606126
14381606225
14381606522
14381606621
14381606720
14381609127
14381609622
14381609820
14381609929
14381610123
14381610222
14381612066
14381614329
14381614428
14381614527
14381614626
14381614725
14381615821
14381615920
14381616026
14381616125
14381616224
14381617320
14381619966
14381622720
14381626025
14381626667
14381626926
14381627121
14381627428
14381627527
14381628029
14381630329
14381631326
14381631425
14381631920
14381632125
14381632323
14381633924
14381634020
14381634129
14381636222
14381637823
14381637922
14381638325
14381639124
14381642421
14381642728
14381646221
14381648560
14381648669
14381650327
14381650426
14381651720
14381651829
14381655964
14381657166
14381659924
14381660326
14381660425
14381660524
14381660821
14381660920
14381662023
14381662726
14381662825
14381662924
14381663167
14381663426
14381666625
14381669367
14381672428
14381672565
14381674521
14381674828
14381677621
14381678321
14381679724
14381682427
14381683028
14381683325
14381683622
14381684964
14381685428
14381685824
14381685923
14381686821
14381687422
14381687521
14381687620
14381687828
14381690064
14381692426
14381693324
14381693621
14381694321
14381694925
14381695021
14381697421
14381699661
14381701029
14381701128
14381709629
14381711622
14381714920
14381715026
14381715125
14381715224
14381715323
14381715422
14381720624
14381721027
14381723526
14381724165
14381725421
14381730722
14381731224
14381732825
14381736168
14381736724
14381736823
14381737325
14381737721
14381738520
14381740424
14381741162
14381741360
14381743463
14381743920
14381744026
14381745221
14381745627
14381748024
14381750621
14381753820
14381754629
14381757224
14381757323
14381758627
14381758726
14381758825
14381758924
14381759020
14381759426
14381759624
14381760224
14381760323
14381761429
14381761863
14381762525
14381762723
14381764765
14381767728
14381767926
14381768121
14381775822
14381777963
14381782363
14381786521
14381786828
14381788020
14381788129
14381788327
14381788525
14381788921
14381792126
14381794564
14381795523
14381795660
14381796223
14381799729
14381800029
14381801460
14381801927
14381802221
14381802627
14381802825
14381803129
14381805420
14381806663
14381807226
14381807325
14381807820
14381807929
14381808322
14381817225
14381818727
14381819021
14381824926
14381825626
14381825824
14381826029
14381827569
14381832266
14381837766
14381842425
14381844320
14381844627
14381848120
14381850024
14381850321
14381850420
14381856163
14381857023
14381857825
14381858068
14381858624
14381858921
14381859225
14381859522
14381860023
14381860122
14381860221
14381860320
14381862720
14381864229
14381868722
14381868821
14381868920
14381869125
14381869323
14381869422
14381869521
14381869620
14381869729
14381869828
14381869927
14381870121
14381870220
14381870329
14381870428
14381870626
14381870725
14381870824
14381870923
14381871029
14381871128
14381871227
14381871524
14381871722
14381872828
14381872927
14381873528
14381873627
14381874020
14381874129
14381874525
14381874624
14381875225
14381875324
14381875423
14381875522
14381875621
14381875720
14381875829
14381875928
14381876123
14381876222
14381876321
14381876420
14381876529
14381876628
14381876727
14381876826
14381876925
14381877021
14381877120
14381877229
14381877328
14381877427
14381877526
14381877625
14381877724
14381877823
14381877922
14381878929
14381879025
14381879124
14381879223
14381879322
14381879421
14381879520
14381879629
14381879728
14381879926
14381880021
14381880120
14381880328
14381880427
14381880625
14381880823
14381880922
14381881028
14381881127
14381881424
14381881622
14381881820
14381882223
14381882520
14381882629
14381882728
14381890624
14381890723
14381890822
14381890921
14381891027
14381891126
14381892628
14381893021
14381893120
14381893229
14381893328
14381893427
14381893526
14381893625
14381893724
14381893823
14381893922
14381894028
14381894127
14381894226
14381894325
14381894424
14381894523
14381894622
14381894721
14381894820
14381894929
14381895025
14381895124
14381895223
14381895322
14381895421
14381895520
14381895629
14381895728
14381895827
14381895926
14381896121
14381896220
14381896329
14381896428
14381896527
14381896626
14381896725
14381897425
14381897623
14381897722
14381897821
14381897920
14381898026
14381898125
14381898224
14381898323
14381898422
14381898521
14381898620
14381898729
14381898828
14381898927
14381899429
14381899627